1356
1360
1366
1571
1717
1719
1802
1803
1805
1824
1898
1942
1945
1963
2053
2158
2170
2174
2183
2301
2351
2378
2395
2398
2438
2453
2471
2492
2516
2715
2730
2735
2792
2874
2931
3048
3050
3086
3105
3167
3168
3179
3201
3222
3355
3387
3405
3407
3457
3482
3497
3542
3565
3604
3649
3657
3663
3751
3760
3835
3878
3903
3912
3941
3975
3985
4028
4045
4047
4080
4095
4188
4202
4272
4284
4318
4331
4345
4366
4397
4420
4448
4463
4477
4482
4541
4548
4556
4574
4579
4592
4617
4633
4662
4676
4680
4687
4712
4718
4813
4918
4963
4992
4996
5185
5191
5195
5208
5423
5449
5609
5632
5727
5781
5930
5949
5981
5991
5992
6049
6058
6062
6071
6081
6083
6099
6113
6118
6143
6172
6178
6184
6255
6298
6330
6335
6338
6339
6349
6376
6378
6379
6395
6440
6459
6470
6471
6473
6538
6562
6569
6615
6618
6620
6638
6703
6709
6723
6741
6768
6770
6779
6785
6794
6804
6814
6839
6882
6897
6905
6907
6912
6996
7030
7038
7044
7047
7068
7078
7085
7105
7157
7177
7182
7196
7205
7224
7261
7283
7408
7514
7522
7590
7599
7702
7715
7731
7745
7752
7862
7867
7868
7970
8002
8005
8011
8051
8101
8125
8133
8151
8163
8168
8185
8217
8233
8237
8242
8281
8341
8382
8511
8699
8715
8798
8923
8934
8935
9055
9069
9233
9325
9385
9416
9474
9503
9504
9506
9508
9543
9716
9743
9900
9919
9997
